simCalls <-
structure(list(time = c(2.378374416, 4.073849478, 1.174772542, 
2.258706525, 1.858970191, 2.146167259, 4.493552241, 4.835464598, 
2.337847195, 1.939478533, 4.367662318, 2.32194749, 1.902911114, 
1.705977905, 1.573600965, 4.755794425, 5.177742782, 1.173871883, 
1.264179474, 0.816653332, 1.061837752, 1.013099638, 1.090062689, 
1.699972956, 1.05643925, 1.376245677, 5.518615213, 1.5585218, 
0.88293876, 2.017331323, 4.840070831, 0.787105345, 0.793912259, 
5.638204785, 0.67732554, 0.849441289, 0.838800643, 0.857663919, 
0.827036805, 0.599896836, 6.100562762, 0.794900356, 1.05534766, 
0.837900337, 5.880178023, 1.197942375, 4.853581778, 0.638779342, 
0.548086791, 1.150780504, 5.400364781, 1.821053366, 1.786786518, 
1.056699389, 1.064313, 0.856781759, 1.124783949, 1.330370082, 
1.925808146, 1.132249052, 1.751794742, 4.017235048, 1.603561693, 
1.15050459, 1.564708812, 1.316364337, 1.770281743, 1.724037469, 
0.729297876, 0.598103874, 0.80712438, 1.874966191, 4.113375792, 
1.39117905, 1.468431156, 1.952329736, 1.306530551, 4.39605395, 
1.880800502, 1.518760276, 1.570195571, 1.780364529, 1.674136001, 
1.920878947, 1.940226007, 2.347803913, 1.785827018, 3.180574922, 
4.70180184, 2.045242165, 1.849419896, 3.385713767, 2.258744161, 
1.797196893, 2.320688909, 2.322657607, 3.981298529, 2.390445237, 
1.524970018, 1.953204865), dates = c("2017-01-05", "2017-01-09", 
"2017-01-13", "2017-01-14", "2017-01-18", "2017-01-21", "2017-01-25", 
"2017-01-26", "2017-01-28", "2017-01-29", "2017-01-31", "2017-02-12", 
"2017-02-16", "2017-02-27", "2017-03-03", "2017-03-26", "2017-03-27", 
"2017-03-31", "2017-04-07", "2017-04-08", "2017-04-10", "2017-04-13", 
"2017-04-20", "2017-04-22", "2017-04-23", "2017-04-26", "2017-04-27", 
"2017-04-30", "2017-05-04", "2017-05-07", "2017-05-08", "2017-05-13", 
"2017-05-22", "2017-05-29", "2017-06-01", "2017-06-03", "2017-06-04", 
"2017-06-06", "2017-06-07", "2017-06-12", "2017-06-14", "2017-06-16", 
"2017-06-18", "2017-06-19", "2017-06-22", "2017-07-03", "2017-07-05", 
"2017-07-14", "2017-07-15", "2017-08-06", "2017-08-07", "2017-08-09", 
"2017-08-17", "2017-08-18", "2017-08-21", "2017-08-25", "2017-08-29", 
"2017-08-30", "2017-09-03", "2017-09-04", "2017-09-05", "2017-09-07", 
"2017-09-09", "2017-09-13", "2017-09-16", "2017-09-19", "2017-09-20", 
"2017-09-25", "2017-09-26", "2017-10-03", "2017-10-08", "2017-10-12", 
"2017-10-17", "2017-10-19", "2017-10-21", "2017-10-26", "2017-10-27", 
"2017-10-28", "2017-11-01", "2017-11-05", "2017-11-08", "2017-11-12", 
"2017-11-14", "2017-11-19", "2017-11-20", "2017-11-22", "2017-11-28", 
"2017-11-30", "2017-12-02", "2017-12-03", "2017-12-06", "2017-12-07", 
"2017-12-08", "2017-12-10", "2017-12-12", "2017-12-13", "2017-12-15", 
"2017-12-18", "2017-12-27", "2017-12-31")), .Names = c("time", 
"dates"), row.names = c(NA, -100L), class = "data.frame")
