tigerTrue <-
c(0.00584271997028933, 0.00602224899952181, 0.00657004948505599, 
0.00751390536715315, 0.00890057313185396, 0.0107963535692982, 
0.0132876835578809, 0.0164815349989701, 0.0205053449737863, 0.0255061428400189, 
0.0316484939189456, 0.0391108562053404, 0.0480799591071479, 0.0587428755788131, 
0.0712765839965637, 0.0858350124485715, 0.102533826831987, 0.121433555121593, 
0.142522009299484, 0.165697334601938, 0.190753330439839, 0.217368887607946, 
0.245103411139966, 0.273399897312354, 0.301596879994348, 0.328949763109328, 
0.354661160814522, 0.377918864879286, 0.397939072827789, 0.414011681208549, 
0.425543911395866, 0.432098396565314, 0.433422172299078, 0.429463768176041, 
0.420376713485208, 0.406509108073022, 0.388380293575847, 0.366646907395033, 
0.342061551187192, 0.315427845814307, 0.287555729328215, 0.259220506235068, 
0.231128457540372, 0.203890895691995, 0.178007537573414, 0.153859106461911, 
0.131708268350994, 0.111707428779539, 0.0939115906742171, 0.0782943907488501, 
0.0647655517351602, 0.0531882530608315, 0.0433952712740365, 0.0352031159599154, 
0.028423740896281, 0.0228737121323704, 0.0183809476859919, 0.0147893035125038, 
0.0119613726441004, 0.00977990012517808, 0.0081482093231617, 
0.00698999906052854, 0.00624881766292889, 0.00588745855788765, 
0.00588745855788765, 0.0062488176629289, 0.00698999906052854, 
0.0081482093231617, 0.00977990012517808, 0.0119613726441004, 
0.0147893035125038, 0.0183809476859919, 0.0228737121323704, 0.028423740896281, 
0.0352031159599154, 0.0433952712740365, 0.0531882530608315, 0.0647655517351604, 
0.0782943907488501, 0.0939115906742171, 0.111707428779539, 0.131708268350994, 
0.153859106461911, 0.178007537573414, 0.203890895691996, 0.231128457540372, 
0.259220506235068, 0.287555729328215, 0.315427845814307, 0.342061551187192, 
0.366646907395033, 0.388380293575847, 0.406509108073022, 0.420376713485208, 
0.429463768176041, 0.433422172299078, 0.432098396565314, 0.425543911395866, 
0.414011681208549, 0.397939072827789, 0.377918864879286, 0.354661160814522, 
0.328949763109328, 0.301596879994348, 0.273399897312354, 0.245103411139966, 
0.217368887607946, 0.190753330439839, 0.165697334601937, 0.142522009299484, 
0.121433555121593, 0.102533826831987, 0.0858350124485715, 0.0712765839965636, 
0.0587428755788131, 0.0480799591071479, 0.0391108562053403, 0.0316484939189456, 
0.0255061428400189, 0.0205053449737863, 0.0164815349989701, 0.0132876835578809, 
0.0107963535692981, 0.00890057313185394, 0.00751390536715314, 
0.00657004948505599, 0.00602224899952181, 0.00584271997028933
)
pigTrue <-
c(0.000235753914133064, 0.000246108077586961, 0.000261462815978469, 
0.000282254643132216, 0.000309149147747974, 0.000343067509251746, 
0.000385225929982932, 0.000437189509578349, 0.000500942727419908, 
0.000578979362706164, 0.000674415373020712, 0.000791128964346915, 
0.000933932797129863, 0.00110878394407996, 0.00132303778120905, 
0.00158575235822041, 0.00190804982391071, 0.00230354099819667, 
0.0027888179569822, 0.00338401725128339, 0.00411345279491116, 
0.00500631217291156, 0.00609740279216696, 0.00742792460744243, 
0.00904623391404025, 0.0110085479063916, 0.0133795226750709, 
0.0162326188011016, 0.0196501500111348, 0.0237228934441929, 0.0285491276242475, 
0.0342329595804559, 0.0408818095658372, 0.0486029445371998, 0.057498993691536, 
0.0676624436134852, 0.0791691978504377, 0.0920713941776656, 0.106389797166157, 
0.122106214691455, 0.139156511528942, 0.157424894646903, 0.176740204777644, 
0.196874949077951, 0.217547734894182, 0.238429605480247, 0.259154534352, 
0.27933401588268, 0.298575317228103, 0.316502562579672, 0.332779444517104, 
0.347132041512955, 0.359370005922169, 0.369404305949928, 0.377259778764346, 
0.38308098556176, 0.387130242555195, 0.389777209730825, 0.391480015958443, 
0.392758542020646, 0.394161127055484, 0.396226563955508, 0.399443762683952, 
0.404211846915512, 0.410803670759943, 0.419335763162203, 0.429747497542502, 
0.441791822989705, 0.455039177757158, 0.468895258328885, 0.482632192683225, 
0.495431454386733, 0.506435675705721, 0.514805513171857, 0.51977702827341, 
0.520714786048713, 0.517156115351636, 0.508842721577246, 0.495737028155115, 
0.478022112297137, 0.456085709665833, 0.430490287914107, 0.401932439434541, 
0.37119567196587, 0.339101001061333, 0.306459566007685, 0.274030867517711, 
0.242489283477913, 0.212400410827826, 0.184207663313268, 0.158228561650768, 
0.134659381846157, 0.113586330199038, 0.0950011958042744, 0.0788194617662965, 
0.0648990785144445, 0.0530584487081062, 0.0430925760659782, 0.0347867325722571, 
0.027927357397758, 0.0223101906031098, 0.0177458546661169, 0.0140632287282866, 
0.0111110241600778, 0.00875798008037245, 0.00689206960037069, 
0.00541905652347447, 0.00426068030930841, 0.00335268355523925, 
0.0026428372848104, 0.00208906853395611, 0.00165775358829842, 
0.00132220877194639, 0.00106138802222275, 0.000858781231179456, 
0.00070149796723422, 0.00057951624312293, 0.000485074185170697, 
0.000412182732290532, 0.000356239038787805, 0.000313722478302817, 
0.000281957635461262, 0.000258931160207631, 0.000243151689127633, 
0.000233544127487092, 0.000229371406744943, 0.000230178389757993, 
0.000235753914133064)
tigerObs <-
c(1.62147499605025, 1.69956442792526, 4.41776746835665, 4.61699540733506, 
4.62918335346446, 4.94258903770707, 0.863053483660589, 1.11714722094397, 
4.32115187424759, 1.37836349467211, 1.76091428513264, 1.50953099182996, 
4.91537552969818, 2.09271223267944, 1.67795724914584, 4.80479207678095, 
1.41226756086163, 4.75176563543385, 4.78782068139401, 1.13074579630177, 
1.7567582835834, 5.24649149366982, 1.10828967600971, 5.00573820421074, 
4.92128415350714, 4.69288282960252, 1.13022712030881, 5.14212203034046, 
4.77644959946899, 1.73834885779755, 5.03725518680802, 5.071024069111, 
4.43495556591392, 2.3023184219212, 4.56055123787355, 4.74887797935543, 
5.38442120020226, 0.141586506592611, 5.52130649982278, 4.68000755700905, 
1.23452097806225, 1.07758202326478, 4.65072014626091, 3.76900427880531, 
1.52963551459823, 4.71451551424107, 1.59049827121264, 2.08730802089122, 
1.39068164892045, 3.15307639171782, 5.02112511147791, 4.68984653149802, 
2.01951669100144, 1.80907762599381, 1.65934832471041, 4.42741027567786, 
4.61024283209646, 5.24452204720451, 1.85298663929907, 1.76068187931676, 
1.47135549464128, 4.02386308863965, 4.86226006808008, 6.02598707667993, 
3.90962449971993, 1.25223629705384, 5.30986283150783, 5.55212772697441, 
4.45388004740475, 4.45876223949313, 4.6480700117866, 2.23935260982477, 
1.79752663389991, 1.28224385654201, 0.592296298723454, 3.91160007529305, 
1.99682947418779, 1.65267107297976, 5.14163263819307, 1.41804217369272, 
4.77035163687868, 5.60725895622248, 4.82757914442196, 1.6867921857261, 
1.70537418946021, 1.35358903771551, 5.15073793837626, 1.46542888735797, 
1.61978878065306, 1.20568999688782, 4.43499730592491, 4.50628199035824, 
2.3156789173546, 1.91211866323385, 4.14586150009256, 1.40635438908769, 
4.60149769627253, 1.92821192954673, 4.84463032308551, 5.23489726679388
)
